array=(282297, 133906, 696936, 397414, 581430, 82063, 238130, 685430, 650358, 541034, 478463, 499528, 78263, 95069, 643994, 153588, 575438, 113738, 424815, 24199, 257787, 273195, 246303, 624254, 87627, 646533, 416759, 347149, 566519, 314749, 334490, 514967, 700693, 356934, 443959, 458576, 150435, 98784, 419397, 687567, 244597, 256498, 282121, 558329, 225963, 217747, 94744, 133505, 297307, 225250, 392677, 547460, 600760, 86677, 577505, 256050, 574497, 454039, 333986, 48877, 275038, 175334, 277901, 114429, 326984, 243047, 504687, 715517, 64963, 229246, 192392, 111986, 568974, 658703, 627369, 225275, 111090, 235015, 393930, 350399, 390958, 585063, 577687, 646422, 49988, 488940, 608919, 195744, 138799, 408602, 43240, 64199, 359251, 282625, 272172, 94103, 574740, 113414, 512114, 329698, 317472,
491064, 535984, 128901, 119908, 535572, 592342, 125209, 201926, 141491, 521398, 309884, 162055, 170922, 385993, 349267, 546834, 487112, 231483, 495504, 79842,
267873, 159309, 598136, 298340, 551755, 548876, 500456, 310497, 385829, 629738, 396678, 454284, 487315, 375347, 198397, 543989, 5279, 240367, 13374, 168643, 174262, 149313, 79174, 714944, 396180, 83639, 80460, 287675, 398708, 189622, 524301, 550733, 450744, 468388, 67970, 294244, 46675, 371435, 425033, 161973, 322003, 565187, 312846, 75274, 494616, 506214, 556999, 623991, 77596, 122458, 285277, 551025, 215819, 90418, 102638, 32163, 79678, 473611, 652884, 95715, 399677, 698360, 12748, 116527, 674711, 599595, 290277, 27003, 100983, 615731, 146102, 54692, 498512, 635079, 43960, 559704, 487673, 556299, 33942, 525209, 548461, 544779, 667447, 429400, 525225, 380544, 196137, 381576, 457057, 552040, 511088, 626584, 336387, 375411, 195644, 98841, 143548, 106600, 419061, 616670, 432132, 681687, 9851, 351888, 436682, 478813, 340516, 624320, 710933, 597054, 49380, 440987, 395035, 568192, 648123, 136715, 170411, 376137, 556457, 186897, 257686, 33703, 609542, 31968, 492228, 131034, 98539, 561576, 584593, 525095, 398067, 391214, 108206, 280881, 52706, 104643, 115305, 308490, 592368, 665583, 183397, 638692, 30713, 383218, 331971, 486988, 45922, 294148, 523910, 262687, 446829, 102218, 68658, 152004, 497931, 175287, 463272, 539370, 514114, 337667, 246640, 429626, 141973, 190632, 656906, 157145, 487078, 259836, 56804, 638146, 586133, 530128, 513237, 46431, 164266, 450379, 536515, 195401, 126515, 496027, 633673, 353863, 614393, 500902, 380344, 622986, 482394, 647596, 398739, 306824, 315248, 425786, 412021, 543514, 165217, 599659, 455526, 556583, 23830, 23825, 447076, 361922, 621082,
456921, 172675, 632944, 190667, 18130, 207006, 425187, 411071, 245532, 403483, 310289, 246304, 203007, 410690, 533025, 413858, 547708, 510925, 519397, 667284,
610134, 294166, 588056, 243092, 178569, 318313, 607020, 47824, 328985, 502001, 162339, 431776, 637119, 545294, 55240, 288627, 568817, 419687, 710415, 268796, 391785, 580571, 191900, 673405, 181966, 318801, 210467, 194566, 78091, 640129, 479310, 169953, 90104, 604729, 8598, 386741, 309231, 449161, 523405, 606972, 30464, 575247, 10451, 187120, 297954, 109161, 299463, 310217, 512834, 682727, 249273, 198742, 74643, 248084, 571317, 221440, 141219, 704847, 51449, 551557, 672567, 253688, 366524, 136498, 595349, 173548, 288974, 24313, 434934, 507987, 596744, 660884, 124085, 354568, 199180, 372972, 698654, 706217, 456915, 321855, 118978, 79980, 32324, 647834, 77939, 238766, 275478, 503223, 56181, 247485, 191621, 507, 153166, 589016, 8001, 250567, 524698, 166767, 639158, 137285, 629511, 214908, 201935, 77237, 719920, 153920, 537136, 230915, 306038, 330735, 256067, 449125, 424029, 521779, 13398, 514213, 550667, 535290, 629503, 173866, 429580, 3980, 336445, 100908, 145850, 82437, 34578, 627852, 139322, 413823, 313070, 492898, 580689, 444497, 219663, 481829, 197290, 518149, 588362, 575621, 371011, 114018, 48748, 412630, 346320, 342282, 35526, 321965, 385483, 184689, 94130, 182387, 244776, 60338, 705102, 532439)


+2 +1 +0 +0 -0 -0 -1 -0
+0 +0 +0 +0 -0 -0 -0 -0
+0 +0 +0 +0 -0 -0 -0 -1
+0 +0 +0 +0 -0 -0 -0 -0
bytearray(b'\x01\x02\x01\x00\x01\x00\x01\x00\x01\x01\x01\x00\x01\x00\x01\x00\x01\x00\x01\x00\x01\x00\x01\x00\x01\x00\x01\x00\x01\x00\x01\x00\x00\x00\x00\x00\x00\x00\x00\x00\x00\x00\x00\x00\x00\x00\x00\x00\x00\x01\x00\x00\x00\x00\x00\x00\x00\x00\x00\x00\x00\x01\x00\x00')

start
4.870674399999999
Round 3 cordination that board give: (1, 4)
Round: 3 my result of add_point(index): 19
(3, 4) 3 my_position